0 0 0 0 0.7746059439198978
0 0 0 1 0.020350736173907917
0 0 0 2 2.3003826909574996e-05
0 0 1 0 0.020350736173907914
0 0 1 1 0.2115698563263445
0 0 1 2 0.007099872355389609
0 0 2 0 2.3003826909574993e-05
0 0 2 1 0.0070998723553896085
0 0 2 2 0.10583544201732305
0 1 0 0 0.020350736173907917
0 1 0 1 0.0011819552390122828
0 1 0 2 1.9570991912081655e-06
0 1 1 0 0.0011819552390122828
0 1 1 1 0.020350736173907917
0 1 1 2 0.000556596280958734
0 1 2 0 1.9570991912081655e-06
0 1 2 1 0.000556596280958734
0 1 2 2 0.00709987235538961
0 2 0 0 2.3003826909574986e-05
0 2 0 1 1.9570991912081655e-06
0 2 0 2 5.3288589814313965e-09
0 2 1 0 1.9570991912081655e-06
0 2 1 1 5.934679053494883e-05
0 2 1 2 1.9570991912081655e-06
0 2 2 0 5.3288589814313965e-09
0 2 2 1 1.9570991912081655e-06
0 2 2 2 2.3003826909574986e-05
1 0 0 0 0.020350736173907917
1 0 0 1 0.0011819552390122828
1 0 0 2 1.9570991912081655e-06
1 0 1 0 0.0011819552390122828
1 0 1 1 0.020350736173907917
1 0 1 2 0.000556596280958734
1 0 2 0 1.9570991912081655e-06
1 0 2 1 0.0005565962809587341
1 0 2 2 0.00709987235538961
1 1 0 0 0.2115698563263445
1 1 0 1 0.020350736173907914
1 1 0 2 5.934679053494884e-05
1 1 1 0 0.020350736173907917
1 1 1 1 0.7746059439198978
1 1 1 2 0.020350736173907917
1 1 2 0 5.934679053494884e-05
1 1 2 1 0.020350736173907914
1 1 2 2 0.2115698563263445
1 2 0 0 0.00709987235538961
1 2 0 1 0.0005565962809587341
1 2 0 2 1.9570991912081655e-06
1 2 1 0 0.000556596280958734
1 2 1 1 0.020350736173907917
1 2 1 2 0.0011819552390122828
1 2 2 0 1.9570991912081655e-06
1 2 2 1 0.0011819552390122828
1 2 2 2 0.020350736173907917
2 0 0 0 2.3003826909574986e-05
2 0 0 1 1.9570991912081655e-06
2 0 0 2 5.3288589814313965e-09
2 0 1 0 1.9570991912081655e-06
2 0 1 1 5.934679053494883e-05
2 0 1 2 1.9570991912081655e-06
2 0 2 0 5.3288589814313965e-09
2 0 2 1 1.9570991912081655e-06
2 0 2 2 2.3003826909574986e-05
2 1 0 0 0.00709987235538961
2 1 0 1 0.0005565962809587341
2 1 0 2 1.9570991912081655e-06
2 1 1 0 0.000556596280958734
2 1 1 1 0.020350736173907917
2 1 1 2 0.0011819552390122828
2 1 2 0 1.9570991912081655e-06
2 1 2 1 0.0011819552390122828
2 1 2 2 0.020350736173907917
2 2 0 0 0.10583544201732305
2 2 0 1 0.0070998723553896085
2 2 0 2 2.3003826909574993e-05
2 2 1 0 0.007099872355389609
2 2 1 1 0.2115698563263445
2 2 1 2 0.020350736173907914
2 2 2 0 2.3003826909574996e-05
2 2 2 1 0.020350736173907917
2 2 2 2 0.7746059439198978
